output: 85.102, input: 319.9643, deliver rate: 0.26597342265996554
avg: 651.7253924830285, p90: 1215.223022774327