output: 382.305, input: 399.907, deliver rate: 0.9559847664582016
avg: 233.37976353962603, p90: 410.23333333333335