output: 177.5753, input: 239.9325, deliver rate: 0.7401052379315015
avg: 166.61537575328234, p90: 220.71466997524013