output: 132.3698, input: 280.0176, deliver rate: 0.4727195719126226
avg: 217.75237338028396, p90: 283.8732486151841
