output: 133.7068, input: 240.1638, deliver rate: 0.5567316972832708
avg: 630.26075329019, p90: 1136.8346855345912