output: 234.3534, input: 239.9349, deliver rate: 0.9767374400306083
avg: 224.0290773047878, p90: 401.03999999999996