output: 162.5379, input: 320.1863, deliver rate: 0.5076353985164263
avg: 234.5748985906335, p90: 288.8969457308167