output: 346.571, input: 360.1142, deliver rate: 0.9623919301155024
avg: 234.5475460632407, p90: 416.2916666666667