output: 136.8373, input: 360.1886, deliver rate: 0.37990458332107124
avg: 278.419396607909, p90: 347.6698957270815