output: 309.2866, input: 320.0327, deliver rate: 0.9664218687652857
avg: 241.03407221256901, p90: 418.0225