output: 270.7017, input: 280.1219, deliver rate: 0.9663710691666736
avg: 240.6274518095546, p90: 437.00333333333333